# energy [MeV] vs. diff. cs per electron [Mbarn / MeV]
2.05925e-06  0
2.18127e-06  0
2.31052e-06  0
2.44743e-06  0
2.59245e-06  0
2.74606e-06  0
2.90877e-06  0
3.08113e-06  0
3.2637e-06  0
3.45708e-06  0
3.66193e-06  0
3.87891e-06  0
4.10875e-06  0
4.35221e-06  0
4.61009e-06  0
4.88326e-06  0
5.17261e-06  0
5.47911e-06  0
5.80377e-06  0
6.14766e-06  0
6.51193e-06  0
6.89779e-06  0
7.30651e-06  0
7.73945e-06  0
8.19804e-06  0
8.6838e-06  0
9.19835e-06  0
9.74338e-06  0
1.03207e-05  0
1.09323e-05  0
1.158e-05  0
1.22662e-05  0
1.2993e-05  0
1.37629e-05  300.34
1.45784e-05  1014.85
1.54422e-05  1339.03
1.63572e-05  2063.12
1.73265e-05  2643.45
1.83531e-05  3319.95
1.94406e-05  3773.28
2.05925e-05  3749.36
2.18127e-05  3557.27
2.31052e-05  3307.35
2.44743e-05  3035.64
2.59245e-05  2738.02
2.74606e-05  2443.62
2.90877e-05  2161.32
3.08113e-05  1904.17
3.2637e-05  1673.08
3.45708e-05  1470.67
3.66193e-05  1283.96
3.87891e-05  1097.2
4.10875e-05  938.552
4.35221e-05  811.057
4.61009e-05  701.557
4.88326e-05  606.312
5.17261e-05  519.232
5.47911e-05  445.046
5.80377e-05  381.92
6.14766e-05  328.775
6.51193e-05  283.35
6.89779e-05  243.702
7.30651e-05  209.693
7.73945e-05  180.564
8.19804e-05  155.597
8.6838e-05  134.149
9.19835e-05  115.755
9.74338e-05  99.884
0.000103207  85.3637
0.000109323  72.7157
0.0001158  62.0415
0.000122662  52.978
0.00012993  45.2824
0.000137629  38.7927
0.000145784  33.311
0.000154422  28.641
0.000163572  24.6574
0.000173265  21.2555
0.000183531  18.2637
0.000194406  15.5157
0.000205925  13.1873
0.000218127  11.2429
0.000231052  9.61697
0.000244743  8.74242
0.000259245  8.81514
0.000274606  7.54756
0.000290877  10.4542
0.000308113  9.33637
0.00032637  8.01616
0.000345708  6.87241
0.000366193  5.86416
0.000387891  5.00525
0.000410875  4.26752
0.000435221  3.64681
0.000461009  3.12599
0.000488326  2.68478
0.000517261  2.30891
0.000547911  3.53402
0.000580377  3.70194
0.000614766  3.11725
0.000651193  2.62314
0.000689779  2.212
0.000730651  1.87243
0.000773945  1.58244
0.000819804  1.33733
0.00086838  1.13385
0.000919835  0.965554
0.000974338  0.822119
0.00103207  0.701167
0.00109323  0.599394
0.001158  0.513607
0.00122662  0.441205
0.0012993  0.379783
0.00137629  0.327609
0.00145784  0.283281
0.00154422  0.245427
0.00163572  0.213057
0.00173265  0.185348
0.00183531  0.161525
0.00194406  0.141033
0.00205925  0.123366
0.00218127  0.108076
0.00231052  0.0948214
0.00244743  0.0833114
0.00259245  0.0732949
0.00274606  0.0645596
0.00290877  0.0569285
0.00308113  0.0502502
0.0032637  0.0457742
0.00345708  0.040674
0.00366193  0.0359014
0.00387891  0.0317153
0.00410875  0.0280395
0.00435221  0.0248085
0.00461009  0.0219654
0.00488326  0.0194605
0.00517261  0.0172515
0.00547911  0.0153016
0.00580377  0.0135787
0.00614766  0.0120551
0.00651193  0.0107067
0.00689779  0.00951247
0.00730651  0.00845416
0.00773945  0.00751576
0.00819804  0.00668321
0.0086838  0.00594422
0.00919835  0.005288
0.00974338  0.00470505
0.0103207  0.00418702
0.0109323  0.00372653
0.01158  0.00331707
0.0122662  0.00295291
0.012993  0.00262895
0.0137629  0.00234071
0.0145784  0.00208421
0.0154422  0.00185591
0.0163572  0.00165268
0.0173265  0.00147176
0.0183531  0.00131068
0.0194406  0.00116725
0.0205925  0.00103953
0.0218127  0.00092579
0.0231052  0.000824493
0.0244743  0.000734274
0.0259245  0.000653921
0.0274606  0.00058235
0.0290877  0.000518603
0.0308113  0.000461825
0.032637  0.000411253
0.0345708  0.000366206
0.0366193  0.000326079
0.0387891  0.000290336
0.0410875  0.000258498
0.0435221  0.000230139
0.0461009  0.000204879
0.0488326  0.000182381
0.0517261  0.000162342
0.0547911  0.000144495
0.0580377  0.0001286
0.0614766  0.000114444
0.0651193  0.000101837
0.0689779  9.0611e-05
0.0730651  8.06143e-05
0.0773945  7.17129e-05
0.0819804  6.37871e-05
0.086838  5.67305e-05
0.0919835  5.04481e-05
0.0974338  4.48553e-05
0.103207  3.98767e-05
0.109323  3.54452e-05
0.1158  3.1501e-05
0.122662  2.79907e-05
0.12993  2.4867e-05
0.137629  2.20874e-05
0.145784  1.96143e-05
0.154422  1.74142e-05
0.163572  1.5457e-05
0.173265  1.37163e-05
0.183531  1.21682e-05
0.194406  1.07916e-05
