# energy [MeV] vs. diff. cs per electron [Mbarn / MeV]
2.05925e-06  0
2.18127e-06  0
2.31052e-06  0
2.44743e-06  0
2.59245e-06  0
2.74606e-06  0
2.90877e-06  0
3.08113e-06  0
3.2637e-06  0
3.45708e-06  0
3.66193e-06  0
3.87891e-06  0
4.10875e-06  0
4.35221e-06  0
4.61009e-06  0
4.88326e-06  0
5.17261e-06  0
5.47911e-06  0
5.80377e-06  0
6.14766e-06  0
6.51193e-06  0
6.89779e-06  0
7.30651e-06  0
7.73945e-06  0
8.19804e-06  0
8.6838e-06  0
9.19835e-06  0
9.74338e-06  0
1.03207e-05  960.12
1.09323e-05  10290.1
1.158e-05  11577.7
1.22662e-05  12911.8
1.2993e-05  14406.1
1.37629e-05  18770.2
1.45784e-05  24932.9
1.54422e-05  52349.9
1.63572e-05  71598.9
1.73265e-05  69042
1.83531e-05  68796
1.94406e-05  67487.8
2.05925e-05  62282.1
2.18127e-05  56258.3
2.31052e-05  50118.7
2.44743e-05  44334.6
2.59245e-05  38712.8
2.74606e-05  33621.7
2.90877e-05  29071.8
3.08113e-05  25141.6
3.2637e-05  21767
3.45708e-05  18887.6
3.66193e-05  16352.8
3.87891e-05  13999.8
4.10875e-05  11982.4
4.35221e-05  10287
4.61009e-05  8820.84
4.88326e-05  7569
5.17261e-05  6453.79
5.47911e-05  5508.83
5.80377e-05  4714.85
6.14766e-05  4047.8
6.51193e-05  3473.39
6.89779e-05  2974.34
7.30651e-05  2548.91
7.73945e-05  2186.85
8.19804e-05  1878.29
8.6838e-05  1614.79
9.19835e-05  1389.68
9.74338e-05  1196.4
0.000103207  1022.26
0.000109323  871.339
0.0001158  743.924
0.000122662  635.998
0.00012993  544.504
0.000137629  467.083
0.000145784  401.378
0.000154422  345.387
0.000163572  297.616
0.000173265  256.815
0.000183531  221.106
0.000194406  188.502
0.000205925  160.822
0.000218127  137.612
0.000231052  118.137
0.000244743  101.956
0.000259245  88.3179
0.000274606  76.5818
0.000290877  148.076
0.000308113  133.908
0.00032637  113.828
0.000345708  96.9062
0.000366193  82.6319
0.000387891  70.3295
0.000410875  59.7245
0.000435221  50.817
0.000461009  43.3338
0.000488326  37.0267
0.000517261  31.6763
0.000547911  43.0736
0.000580377  43.805
0.000614766  36.9445
0.000651193  31.1533
0.000689779  26.3323
0.000730651  22.3262
0.000773945  18.9003
0.000819804  16.0086
0.00086838  13.6022
0.000919835  11.6044
0.000974338  9.9022
0.00103207  8.46488
0.00109323  7.25255
0.001158  6.22837
0.00122662  5.36207
0.0012993  4.62549
0.00137629  3.99836
0.00145784  3.46429
0.00154422  3.00708
0.00163572  2.61519
0.00173265  2.27898
0.00183531  1.98935
0.00194406  1.73967
0.00205925  1.52397
0.00218127  1.33693
0.00231052  1.17449
0.00244743  1.03317
0.00259245  0.909978
0.00274606  0.802367
0.00290877  0.708213
0.00308113  0.625695
0.0032637  0.553269
0.00345708  0.489607
0.00366193  0.43358
0.00387891  0.384209
0.00410875  0.340661
0.00435221  0.302215
0.00461009  0.268245
0.00488326  0.238198
0.00517261  0.211603
0.00547911  0.188046
0.00580377  0.167164
0.00614766  0.148644
0.00651193  0.132209
0.00689779  0.117617
0.00730651  0.104657
0.00773945  0.0931407
0.00819804  0.0829046
0.0086838  0.0738034
0.00919835  0.065709
0.00974338  0.0585085
0.0103207  0.0521016
0.0109323  0.0464001
0.01158  0.0413251
0.0122662  0.0368073
0.012993  0.0327851
0.0137629  0.0292035
0.0145784  0.0260141
0.0154422  0.0231737
0.0163572  0.0206439
0.0173265  0.0183905
0.0183531  0.0163833
0.0194406  0.0145953
0.0205925  0.0130025
0.0218127  0.0115835
0.0231052  0.0103194
0.0244743  0.00919309
0.0259245  0.00818966
0.0274606  0.00729567
0.0290877  0.00649917
0.0308113  0.00578955
0.032637  0.00515732
0.0345708  0.00459403
0.0366193  0.00409214
0.0387891  0.00364498
0.0410875  0.00324658
0.0435221  0.00289163
0.0461009  0.00257539
0.0488326  0.00229365
0.0517261  0.00204265
0.0547911  0.00181903
0.0580377  0.00161982
0.0614766  0.00144236
0.0651193  0.00128426
0.0689779  0.00114343
0.0730651  0.00101799
0.0773945  0.000906245
0.0819804  0.000806713
0.086838  0.00071806
0.0919835  0.000639101
0.0974338  0.000568777
0.103207  0.000506148
0.109323  0.000450372
0.1158  0.000400704
0.122662  0.000356476
0.12993  0.000317094
0.137629  0.000282029
0.145784  0.00025081
0.154422  0.000223017
0.163572  0.000198276
0.173265  0.000176252
0.183531  0.000156649
0.194406  0.000139203
